0.000000000000000000e+00  1.000000000000000000e+00
6.346651825433925753e-02  9.979866764718844374e-01
1.269330365086785151e-01  9.919548128307953405e-01
1.903995547630177865e-01  9.819286972627067067e-01
2.538660730173570301e-01  9.679487013963562481e-01
3.173325912716962738e-01  9.500711177409454367e-01
3.807991095260355729e-01  9.283679330160725662e-01
4.442656277803748166e-01  9.029265382866211720e-01
5.077321460347140603e-01  8.738493770697849383e-01
5.711986642890533039e-01  8.412535328311812055e-01
6.346651825433925476e-01  8.052702575310586308e-01
6.981317007977317912e-01  7.660444431189780135e-01
7.615982190520711459e-01  7.237340381050701987e-01
8.250647373064103896e-01  6.785094115571321804e-01
8.885312555607496332e-01  6.305526670845225112e-01
9.519977738150888769e-01  5.800569095711981538e-01
1.015464292069428121e+00  5.272254676105023741e-01
1.078930810323767364e+00  4.722710747726827085e-01
1.142397328578106608e+00  4.154150130018864351e-01
1.205863846832445851e+00  3.568862215918718883e-01
1.269330365086785095e+00  2.969203753282749214e-01
1.332796883341124339e+00  2.357589355094272809e-01
1.396263401595463582e+00  1.736481776669304145e-01
1.459729919849802826e+00  1.108381999010110974e-01
1.523196438104142292e+00  4.758191582374218104e-02
1.586662956358481535e+00  -1.586596383480802855e-02
1.650129474612820779e+00  -7.924995685678853929e-02
1.713595992867160023e+00  -1.423148382732852268e-01
1.777062511121499266e+00  -2.048066680651907390e-01
1.840529029375838510e+00  -2.664738136900350329e-01
1.903995547630177754e+00  -3.270679633174216616e-01
1.967462065884516997e+00  -3.863451256931286770e-01
2.030928584138856241e+00  -4.440666126057741248e-01
2.094395102393195707e+00  -5.000000000000002220e-01
2.157861620647534728e+00  -5.539200638661102571e-01
2.221328138901874194e+00  -6.056096871376668300e-01
2.284794657156213216e+00  -6.548607339452851006e-01
2.348261175410552681e+00  -7.014748877063213817e-01
2.411727693664891703e+00  -7.452644496757546699e-01
2.475194211919231169e+00  -7.860530947427875059e-01
2.538660730173570190e+00  -8.236765814298326882e-01
2.602127248427909656e+00  -8.579834132349770659e-01
2.665593766682248678e+00  -8.888354486549233657e-01
2.729060284936588143e+00  -9.161084574320695895e-01
2.792526803190927165e+00  -9.396926207859083169e-01
2.855993321445266631e+00  -9.594929736144973687e-01
2.919459839699605652e+00  -9.754297868854070463e-01
2.982926357953945118e+00  -9.874388886763942885e-01
3.046392876208284584e+00  -9.954719225730845888e-01
3.109859394462623605e+00  -9.994965423831850826e-01
3.173325912716963071e+00  -9.994965423831850826e-01
3.236792430971302093e+00  -9.954719225730845888e-01
3.300258949225641558e+00  -9.874388886763942885e-01
3.363725467479980580e+00  -9.754297868854070463e-01
3.427191985734320046e+00  -9.594929736144973687e-01
3.490658503988659067e+00  -9.396926207859084279e-01
3.554125022242998533e+00  -9.161084574320695895e-01
3.617591540497337554e+00  -8.888354486549234768e-01
3.681058058751677020e+00  -8.579834132349769549e-01
3.744524577006016042e+00  -8.236765814298327992e-01
3.807991095260355507e+00  -7.860530947427873949e-01
3.871457613514694529e+00  -7.452644496757547810e-01
3.934924131769033995e+00  -7.014748877063212706e-01
3.998390650023373016e+00  -6.548607339452852116e-01
4.061857168277712482e+00  -6.056096871376666080e-01
4.125323686532051504e+00  -5.539200638661104792e-01
4.188790204786391413e+00  -4.999999999999996114e-01
4.252256723040730435e+00  -4.440666126057739582e-01
4.315723241295069457e+00  -3.863451256931286770e-01
4.379189759549408478e+00  -3.270679633174218837e-01
4.442656277803748388e+00  -2.664738136900346444e-01
4.506122796058087410e+00  -2.048066680651905447e-01
4.569589314312426431e+00  -1.423148382732852268e-01
4.633055832566765453e+00  -7.924995685678878909e-02
4.696522350821105363e+00  -1.586596383480760875e-02
4.759988869075444384e+00  4.758191582374238227e-02
4.823455387329783406e+00  1.108381999010108615e-01
4.886921905584122428e+00  1.736481776669299704e-01
4.950388423838462337e+00  2.357589355094274752e-01
5.013854942092801359e+00  2.969203753282748659e-01
5.077321460347140381e+00  3.568862215918716663e-01
5.140787978601480290e+00  4.154150130018868237e-01
5.204254496855819312e+00  4.722710747726828751e-01
5.267721015110158334e+00  5.272254676105023741e-01
5.331187533364497355e+00  5.800569095711979317e-01
5.394654051618837265e+00  6.305526670845228443e-01
5.458120569873176287e+00  6.785094115571322915e-01
5.521587088127515308e+00  7.237340381050700877e-01
5.585053606381854330e+00  7.660444431189777914e-01
5.648520124636194240e+00  8.052702575310588529e-01
5.711986642890533261e+00  8.412535328311812055e-01
5.775453161144872283e+00  8.738493770697849383e-01
5.838919679399211304e+00  9.029265382866210610e-01
5.902386197653551214e+00  9.283679330160726773e-01
5.965852715907890236e+00  9.500711177409454367e-01
6.029319234162229257e+00  9.679487013963562481e-01
6.092785752416569167e+00  9.819286972627068177e-01
6.156252270670908189e+00  9.919548128307953405e-01
6.219718788925247210e+00  9.979866764718844374e-01
6.283185307179586232e+00  1.000000000000000000e+00
